#{"t_start": 1634649484.387171, "env_id": null}
r,l,t
